02101000 0 ADD0 1 2 3 4
053FF000 1 DIV0 1 2 3 4
04211000 2 MUL0 2 5 6 7
02101000 3 ADD1 2 5 6 7
04111000 4 MUL1 3 8 9 10
053FF000 5 DIV1 3 5 6 7
02101000 6 ADD2 4 11 12 13
04111000 7 MUL2 4 14 15 16
02101000 8 ADD0 5 17 18 19
02101000 9 ADD3 5 20 21 22
053FF000 10 DIV0 6 8 9 10
04111000 11 MUL3 6 23 24 25
02101000 12 ADD4 7 26 27 28
02101000 13 ADD5 7 29 30 31
04111000 14 MUL0 8 32 33 34
053FF000 15 DIV1 8 11 12 13
02101000 16 ADD1 9 35 36 37
02101000 17 ADD6 9 38 39 40
04111000 18 MUL4 10 41 42 43
053FF000 19 DIV2 10 14 15 16
02101000 20 ADD2 14 44 45 46
02101000 21 ADD0 20 47 48 49
02101000 22 ADD3 23 50 51 52
04111000 23 MUL1 23 53 54 55
02101000 24 ADD4 29 56 57 58
053FF000 25 DIV0 29 30 31 32
02101000 26 ADD5 32 59 60 61
02101000 27 ADD1 38 62 63 64
02101000 28 ADD6 41 65 66 67
02101000 29 ADD2 47 68 69 70
053FF000 30 DIV0 47 48 49 50
02101000 31 ADD0 50 71 72 73
02101000 32 ADD3 53 74 75 76
02101000 33 ADD4 59 77 78 79
053FF000 34 DIV0 59 60 61 62
