0100100C 0 ST0 1 2 4 -1
0100304E 1 ST0 5 6 8 -1
00F0004E 2 LD0 5 9 11 12
02442000 3 ADD0 6 7 8 9
02442000 4 ADD1 6 10 11 12
02442000 5 ADD0 10 13 14 15
02442000 6 ADD1 13 16 17 18
02442000 7 ADD0 16 19 20 21
02442000 8 ADD1 19 22 23 24
02442000 9 ADD0 22 25 26 27
02442000 10 ADD1 25 28 29 30
02A42000 11 ADD0 28 31 32 33
00A00020 12 LD0 28 33 35 36
0100B020 13 ST0 29 36 38 -1
02442000 14 ADD1 31 32 33 34
02442000 15 ADD0 34 35 36 37
02442000 16 ADD1 35 38 39 40
02442000 17 ADD0 38 41 42 43
02442000 18 ADD1 41 44 45 46
02442000 19 ADD0 44 47 48 49
02442000 20 ADD1 47 50 51 52
02442000 21 ADD0 50 53 54 55
01002040 22 ST0 50 51 53 -1
01007040 23 ST0 54 55 57 -1
